0111111111111111111111111111111111111111111111111111111111111111111111111111111111111
1000000000000000000000000000000000000000000000000000000000000000000110000000000000011
0000000000000001111000000001111000000000111100000000000000000000000110000000000000011
0000000000000000000000000000000000000000000000000000000000000000000110010000000000011
0000000000000000000000000000000000000000000000000000000000000000000110010000000000011
1000000000000000000000000000000000000000000000000000000000000000000110000000000000011
1000000000000000000000000000000000000000000000000000000000000000000111111111000000011
1000000000000000000000000000000000000000000000000000000000000000000111111111000000011
1000110000000000000000000000000000000000000000000000000000000000000000000000000000011
1000110000000000000000111111111111111111111111111111000000000000000000000000000000011
1000110000000000000000111111111111111111111111111111000000000000000000000000000000001
1000000000000000000000000000000000000000000000000000000000000000000000000000000000001
1000000000000000000000000000000000000000000000000000000000000000000000000000000000001
1000000000000000000000000000000000000000000000000000000000000000000000000000000000001
1000000000000000000000000000000000000000000000000000000000000000000000000000000000001
1000000000000000000000000000000000000000000000000000000000000000000000000000000000001
1000000000000000000000000000000000000000000000000000000000000000000000000000000000001
1000000000000000000000000000000000000000000000000000000000111111111111111111111111111
1000000000000000000000000000000000000000000000000000000000111111111111111111111111111
1001110000000000111000000000111000000000000000000000000000000000000000000000000000001
1001110000000000111000000000111000000000000000000000000000000000000000000000000000001
1000000000000000000000000000000000000000000000000000000000000000000000000000000000001
1111111111111111111111111111111111100000000000000000000000111111111111111111111111111
1100000000000000000000000000000000100000000000000000000000111111111111111111111111111
1100000000000000000000000000000000100000000000110000000000000000000000000000000000001
1100000000000000000000000000000000100000000000110000000000000000000000000000000000001
1100000000000000000000000000000000100000000000110000000000000000000000000000000000001
1100000000000000000000000000000000100000000000000000000000111111111111111111111111111
1100000000000000000000000000000000000000000000000000000000111111111111111111111111111
1100000000111111111100000000000000000000000000000000000000000000000000000000000000001
1100000000111111111100000000000000100000000000000000000000000000000000000000000000001
1100000000000000000000000000000000100000000000000000000000000000000000000000000000001
1100000000000000000000000000000000100000000000000000000000111111111111111111111111111
1100000000000000000000000000000000100000000000110000000000111111111111111111111111111
1100000000000000000000000000000000100000000000110000000000000000000000000000000000001
1100000000000000000000000000000000100000000000110000000000000000000000000000000000001
1100000000000000000000000000000000100000000000000000000000000000000000000000000000001
1100000011111111111111111111111111100000000000000000000000111111111111111111111111111
1111111111111111111111111111111111111111111111111111111111111111111111111111111111111
